0.0000
-0.1635
-0.0531
-0.1391
-0.3388
-0.5812
-1.0066
-3.8037
-24.3876
129.7764
-134.0851
28.4338
3.7990
1.4836
0.5113
0.2724
0.2271
0.0376
0.1791
-0.0304
0.2585
-0.3261
0.3284
-0.2044
0.2486
-0.1524
0.0606
0.0117
0.0467
-0.0042
0.0396
-0.0875
-0.0174
0.1832
-0.1943
0.2261
-0.2981
0.4014
-0.4264
0.3002
-0.1967
0.1756
-0.1516
0.1104
-0.0357
-0.2033
0.4287
-0.2917
0.1145
-0.0293
-0.0060
0.1073
-0.2354
0.1514
0.0209
0.0052
-0.0816
-0.0197
-0.0270
0.1840
-0.1252
0.0406
0.0821
-0.1500
0.0113
-0.0149
0.1639
-0.0990
-0.0171
0.0765
-0.1456
0.0956
-0.1259
0.2234
-0.1365
0.0047
0.0215
-0.0564
0.1951
-0.2698
0.2532
-0.1461
0.0192
0.0519
-0.0612
0.0233
0.0094
-0.0269
-0.0208
0.0826
-0.1470
0.1607
-0.2185
0.3360
-0.3116
0.3257
-0.4088
0.3434
-0.2611
0.3021
-0.2841
0.1785
0.0166
-0.0906
0.0140
-0.1919
0.3106
-0.1215
-0.1499
0.2540
-0.1002
0.0847
-0.2772
0.1863
0.0598
0.0743
-0.1981
0.1304
-0.2368
0.3671
-0.3250
0.0996
0.1001
-0.0426
-0.0343
-0.0921
0.1527
-0.0286
-0.1072
0.2728
-0.2720
0.0896
-0.0452
0.1115
-0.0799
-0.0747
0.1876
-0.2709
0.2656
-0.1644
0.0851
-0.0416
-0.0180
0.0690
-0.0361
0.0824
-0.0814
0.0122
-0.0426
0.1055
-0.0840
0.0602
-0.2150
0.3263
-0.2791
0.2339
-0.2224
0.1910
-0.2443
0.2983
-0.1180
-0.2087
0.3346
-0.1066
0.0439
-0.1408
0.0371
0.0544
-0.1049
0.1060
-0.0347
0.1168
-0.2794
0.1201
-0.3883
1.1782
-0.9034
0.2493
-0.2198
0.2825
-0.1948
-0.0845
0.1967
-0.0733
0.0116
-0.0130
-0.0171
0.0574
-0.1933
0.2892
-0.1978
0.0884
-0.0109
-0.0340
0.1307
-0.1740
0.0633
0.0042
0.0953
-0.1966
0.1638
-0.0880
0.0337
-0.0511
-0.0765
0.2012
-0.0641
-0.0352
0.0429
-0.0400
0.0316
-0.0579
-0.0134
0.2300
-0.3282
0.3138
-0.2725
0.1336
-0.0603
0.1213
-0.0466
-0.2022
0.1690
0.0133
0.0294
-0.0120
-0.1099
0.1003
-0.0407
0.0657
-0.1537
0.3453
-0.3931
0.3091
-0.4561
0.5359
-0.4519
0.2937
-0.1625
0.2536
-0.1689
-0.1195
0.1259
0.0533
-0.0896
0.1057
-0.1210
0.0981
-0.1509
0.1575
-0.0784
-0.0107
-0.0019
0.0131
0.0886
-0.0914
0.0062
-0.0666
0.1843
-0.1316
-0.0082
0.1130
0.0143
-0.1079
-0.1128
0.1439
0.0375
-0.1630
0.1640
-0.0004
-0.0288
-0.1021
0.0360
0.0874
-0.0821
0.1010
-0.0906
0.0513
-0.0198
0.0414
-0.0702
0.0227
-0.0525
-0.0077
0.1453
-0.0387
-0.1573
0.1772
-0.2085
0.3567
-0.5280
0.6785
-0.5142
0.3986
-0.5900
0.6128
-0.4193
0.1365
-0.0309
0.0920
0.0146
-0.1535
0.0495
0.0953
-0.1215
0.1891
-0.1901
0.0852
0.0351
-0.0567
-0.0224
0.0917
-0.1319
-0.0071
0.1682
-0.0772
-0.0234
-0.0880
0.1569
-0.1086
-0.0497
0.1401
0.0911
-0.1828
0.0446
-0.0085
0.0652
-0.1604
0.1002
0.0803
-0.0353
-0.0792
0.0343
-0.0221
0.0027
0.0656
-0.0924
0.0877
-0.0463
-0.0029
0.0847
-0.0658
-0.0575
-0.0170
0.1148
0.1474
-0.4114
0.3206
-0.2828
0.3621
-0.2772
0.2039
-0.2708
0.3932
-0.3628
0.2358
-0.1076
-0.0334
-0.0137
0.1011
-0.0221
-0.0381
-0.0555
0.0346
0.0413
0.0914
-0.2359
0.1696
-0.1219
0.1801
-0.1407
0.1538
-0.1654
0.0376
0.0783
-0.0669
-0.0098
0.1007
-0.1607
0.1386
-0.1617
0.0994
0.0586
-0.0704
-0.0202
0.0520
-0.0335
0.0233
-0.0262
0.0638
-0.0214
0.0332
-0.1100
0.0685
-0.0885
0.1909
-0.2105
0.1076
-0.0108
-0.0129
0.0190
0.0497
-0.0828
-0.0487
0.0265
0.1730
-0.3039
0.3778
-0.3454
0.4005
-0.5169
0.3702
-0.2862
0.3660
-0.3003
0.1445
-0.0510
0.0942
-0.1410
0.0400
0.1211
-0.1025
0.0781
-0.1616
0.0275
0.2271
-0.3236
0.2703
-0.2432
0.2097
-0.1211
0.0797
-0.0671
0.0080
-0.0160
0.1560
-0.2013
0.1218
-0.0438
0.0688
-0.1357
0.1321
-0.0866
0.0564
-0.0363
-0.0525
0.1323
-0.1850
0.1518
-0.0367
-0.0463
0.1092
-0.1711
0.1590
-0.0524
0.0690
-0.0686
0.0274
-0.0801
-0.0236
0.1801
0.0065
-0.1813
0.0319
-0.0590
0.2814
-0.4553
0.3989
-0.2182
0.3622
-0.4415
0.2176
-0.1508
0.2693
-0.2588
0.0678
-0.0176
0.0442
0.0879
-0.2376
0.1595
0.0449
-0.0346
-0.0087
-0.1312
0.2792
-0.3192
0.2996
-0.2073
0.1025
-0.0905
0.1060
-0.1387
0.1630
-0.1193
0.1164
-0.1701
0.1204
-0.1420
0.3240
-0.2922
0.0441
0.0899
-0.0698
0.0757
-0.1516
0.2456
-0.2615
0.2101
-0.1482
0.0140
0.0542
-0.0611
0.0949
-0.1254
0.1111
-0.0277
0.0112
0.0308
-0.1863
0.1478
0.0777
-0.1780
0.1852
-0.2082
0.4043
-0.5579
0.3052
-0.1594
0.3105
-0.2730
0.1461
-0.1657
0.2484
-0.1876
-0.0595
0.1587
-0.0109
0.0082
-0.1331
0.0084
0.1207
-0.1573
0.2431
-0.2463
0.2072
-0.2408
0.2871
-0.2646
0.2174
-0.1493
0.0616
-0.0027
-0.0081
-0.0227
0.1220
-0.1551
0.0840
-0.0302
-0.0646
0.1284
-0.1792
0.2491
-0.3083
0.3247
-0.2342
0.0688
0.0470
-0.0513
0.1012
-0.1136
0.1483
-0.2203
0.1444
0.0163
-0.0937
-0.0323
0.0638
0.1179
-0.1515
-0.0172
0.0769
-0.0924
0.1974
-0.1848
0.0758
-0.0428
0.0896
-0.1720
0.1674
-0.1022
0.0853
-0.0603
0.0383
-0.0181
-0.0485
0.0609
-0.0003
0.0849
-0.1389
0.0029
0.0795
-0.0379
0.0669
-0.1795
0.2511
-0.3148
0.2115
-0.0305
-0.0181
0.0401
-0.0567
0.0531
-0.1086
0.0997
0.0376
-0.0304
-0.0637
0.1207
-0.1360
0.1507
-0.2867
0.3412
-0.2045
0.1658
-0.2479
0.2110
-0.1270
0.0281
-0.0068
-0.0350
0.2655
-0.3444
0.1987
0.0304
-0.1240
0.0217
-0.0841
0.2487
-0.0414
-0.2413
0.2466
-0.2999
0.2323
-0.0610
0.0614
-0.0352
0.0423
-0.0591
-0.0069
-0.0399
0.1641
-0.1768
0.1081
0.0206
-0.1721
0.0698
0.0250
0.0990
-0.1465
-0.0056
0.2194
-0.2916
0.3207
-0.2613
0.1977
-0.1853
0.0385
0.0910
-0.0673
-0.0026
0.0300
-0.0223
-0.0190
0.0019
-0.0414
0.0970
-0.1222
0.2109
-0.1622
0.0986
-0.2071
0.2597
-0.1792
0.2046
-0.2005
0.0284
0.1918
-0.2605
0.1381
-0.1638
0.2089
-0.1281
-0.0441
0.2668
-0.1805
-0.0804
-0.0075
0.1516
0.0443
-0.1460
0.0885
-0.0393
-0.0162
0.0113
-0.1010
0.1088
0.0946
-0.1716
0.1191
-0.1198
0.0824
-0.0105
-0.0524
0.2797
-0.3446
0.1446
-0.0481
0.0259
0.0358
-0.2184
0.2910
-0.2530
0.2413
-0.1356
0.0403
-0.0609
0.0601
0.0214
-0.0046
-0.0280
-0.0126
0.0806
-0.0783
0.0622
-0.1107
0.1041
-0.0776
0.0882
-0.2247
0.3426
-0.3440
0.3112
-0.2114
0.1370
-0.0947
-0.1702
0.4260
-0.2315
0.0490
-0.0407
-0.0850
0.1096
-0.0935
0.1667
-0.0997
0.0267
-0.2337
0.2410
-0.1036
0.4556
-0.5598
0.2236
-0.0613
0.0719
-0.1705
0.0625
0.1424
-0.0664
-0.1292
0.1986
-0.1683
0.0651
-0.1823
0.3678
-0.2244
0.0317
0.0973
-0.1587
0.2452
-0.3416
0.2640
-0.1662
0.1726
-0.1634
0.1220
-0.1285
0.0900
-0.0935
0.0129
0.1374
-0.0574
-0.0752
0.1014
-0.0118
-0.0714
0.0673
-0.0966
0.2011
-0.2893
0.3114
-0.1898
0.0160
0.0278
-0.0155
0.0439
-0.2302
0.3062
-0.0900
-0.0629
0.0364
-0.0210
0.0618
-0.0866
0.1365
-0.1256
0.1754
-0.2930
0.2841
-0.4219
0.5657
-0.5280
0.3210
-0.0436
0.1147
-0.2053
-0.0842
0.2897
-0.0368
-0.2243
0.2694
-0.1869
0.0746
-0.1760
0.1640
0.0229
-0.1347
0.1026
-0.0269
0.1540
-0.2270
0.0771
-0.0705
0.2276
-0.2501
0.1837
-0.0016
-0.0991
-0.0076
-0.0505
0.0947
0.0104
-0.0814
0.0876
0.1225
-0.3666
0.2913
-0.1959
0.2275
-0.1747
0.1275
-0.0714
-0.0312
0.0707
0.0024
0.0130
-0.1110
0.0322
0.0735
-0.0669
0.0792
-0.1866
0.2662
-0.2020
0.1402
-0.3354
0.5536
-0.4219
0.3522
-0.4567
0.4128
-0.3158
0.0673
0.1431
-0.0438
-0.0249
-0.0411
-0.0252
0.1302
-0.1334
0.1254
-0.0806
0.0919
-0.0637
0.0150
-0.0377
-0.0236
0.0484
-0.0789
0.2368
-0.2967
0.1528
-0.0533
0.0096
0.0404
-0.1158
0.2006
-0.0406
-0.1101
0.0498
0.0400
-0.0939
0.0662
-0.0887
0.2366
-0.2606
0.1480
-0.1100
0.0381
0.0233
0.0709
-0.1893
0.1401
-0.0183
0.0048
0.0344
-0.0141
-0.0697
0.0138
0.0668
0.0533
-0.2814
0.4592
-0.4050
0.5546
-3.6396
5.6924
-2.4997
0.2159
-0.2624
0.1300
0.0338
-0.2038
0.0924
0.1042
-0.0606
-0.0513
0.0210
-0.0479
0.0656
0.0370
-0.1587
0.2119
-0.1806
0.1135
-0.0364
-0.0553
0.1347
-0.1132
0.1359
-0.1335
-0.0313
0.1013
0.0361
-0.1057
-0.1077
0.2262
-0.1378
0.0764
-0.0415
0.0619
-0.0858
0.0713
-0.0609
0.1050
-0.1522
0.2072
-0.2523
0.1965
-0.1467
0.1630
-0.0787
-0.1030
0.1015
-0.0120
0.0600
-0.0690
-0.1040
0.1306
-0.0158
0.1157
-0.3374
0.4884
-0.3845
0.3750
-0.7104
0.6731
-0.2843
0.1478
-0.2063
0.1491
0.0780
-0.1744
0.0156
0.0618
0.0274
0.0291
-0.0259
-0.1270
0.0880
0.0927
-0.2360
0.2652
-0.2060
0.1231
-0.0349
-0.0062
-0.0475
0.0936
-0.1021
0.1015
-0.1412
0.1485
0.0459
